Date	City	90#	92#	95#	0#
20161215	北京	6.00	6.41	6.82	6.05
20161215	上海	5.95	6.37	6.78	5.99
20161215	天津	5.93	6.40	6.76	6.00
20161215	南京		6.39	6.79	5.98
20161215	沈阳				
20161215	重庆	6.00	6.35	6.71	5.95
20161215	西安				
20161215	青岛				
20161215	浙江				
20161215	成都				
20161215	济南				
20161201	北京	5.67	6.06	6.45	5.68
20161201	上海	5.62	6.03	6.41	5.62
20161201	天津	5.61	6.05	6.39	5.64
20161201	南京		6.04	6.42	5.62
20161201	沈阳				
20161201	重庆	5.68	6.00	6.34	5.60
20161201	西安				
20161201	青岛				
20161201	浙江				
20161201	成都				
20161201	济南				
20161117	北京	5.54	5.92	6.30	5.53
20161117	上海	5.49	5.88	6.26	5.48
20161117	天津	5.48	5.91	6.24	5.49
20161117	南京		5.90	6.27	5.47
20161117	沈阳				
20161117	重庆	5.54	5.86	6.20	5.45
20161117	西安				
20161117	青岛				
20161117	浙江				
20161117	成都				
20161117	济南				
20161020	北京	5.81	6.21	6.61	5.84
20161020	上海	5.76	6.18	6.57	5.78
20161020	天津	5.75	6.20	6.55	5.80
20161020	南京		6.19	6.58	5.78
20161020	沈阳				
20161020	重庆	5.82	6.15	6.50	5.75
20161020	西安				
20161020	青岛				
20161020	浙江				
20161020	成都				
20161020	济南				
20160919	北京	5.55	5.93	6.31	5.55
20160919	上海	5.50	5.89	6.27	5.49
20160919	天津	5.48	5.91	6.25	5.51
20160919	南京		5.91	6.28	5.48
20160919	沈阳				
20160919	重庆	5.55	5.87	6.20	5.46
20160919	西安				
20160919	青岛				
20160919	浙江				
20160919	成都				
20160919	济南				
20160902	北京	5.66	6.05	6.44	5.68
20160902	上海	5.61	6.02	6.40	5.62
20160902	天津	5.60	6.04	6.38	5.64
20160902	南京		6.03	6.41	5.61
20160902	沈阳				
20160902	重庆	5.67	6.00	6.33	5.59
20160902	西安				
20160902	青岛				
20160902	浙江				
20160902	成都				
20160902	济南				
20160819	北京	5.51	5.89	6.27	5.50
20160819	上海	5.46	5.85	6.23	5.45
20160819	天津	5.45	5.87	6.21	5.46
20160819	南京		5.87	6.24	5.44
20160819	沈阳				
20160819	重庆	5.51	5.83	6.16	5.42
20160819	西安				
20160819	青岛				
20160819	浙江	5.44	5.87	6.24	5.46
20160819	成都				
20160819	济南				
20160805	北京	5.38	5.75	6.12	5.36
20160805	上海	5.33	5.71	6.08	5.30
20160805	天津	5.32	5.73	6.06	5.32
20160805	南京		5.73	6.09	5.30
20160805	沈阳				
20160805	重庆	5.38	5.69	6.02	5.28
20160805	西安				
20160805	青岛				
20160805	浙江	5.31	5.73	6.09	5.32
20160805	成都				
20160805	济南				
20160722	北京	5.54	5.92	6.30	5.54
20160722	上海	5.49	5.89	6.27	5.49
20160722	天津	5.48	5.91	6.24	5.50
20160722	南京		5.90	6.28	5.48
20160722	沈阳				
20160722	重庆	5.55	5.87	6.20	5.46
20160722	西安				
20160722	青岛				
20160722	浙江	5.47	5.90	6.28	5.50
20160722	成都				
20160722	济南				
20160526	北京	5.58	5.96	6.34	5.58
20160526	上海	5.53	5.92	6.30	5.52
20160526	天津	5.51	5.95	6.28	5.54
20160526	南京	5.71	5.94	6.32	5.51
20160526	沈阳				
20160526	重庆	5.58	5.90	6.24	5.49
20160526	西安				
20160526	青岛				
20160526	浙江	5.51	5.94	6.32	5.53
20160526	成都				
20160526	济南				
20160512	北京	5.42	5.79	6.16	5.41
20160512	上海	5.37	5.76	6.13	5.35
20160512	天津	5.36	5.78	6.10	5.36
20160512	南京	5.41	5.77	6.14	5.34
20160512	沈阳				
20160512	重庆	5.42	5.74	6.06	5.32
20160512	西安		5.69	6.01	5.29
20160512	青岛	5.36	5.77	6.19	5.36
20160512	浙江	5.35	5.77	6.14	5.36
20160512	成都				
20160512	济南		5.77		5.36
20160427	北京	5.33	5.69	6.06	5.31
20160427	上海	5.28	5.66	6.02	5.25
20160427	天津	5.27	5.68	6.00	5.26
20160427	南京	5.32	5.68	6.04	5.25
20160427	沈阳				
20160427	重庆	5.33	5.64	5.96	5.23
20160427	西安		5.60		5.19
20160427	青岛				
20160427	浙江	5.26	5.68	6.04	5.26
20160427	成都				
20160427	济南				
20160114	北京	5.20	5.56	5.92	5.17
20160114	上海	5.16	5.53	5.88	5.11
20160114	天津	5.14	5.55	5.86	5.13
20160114	南京	5.19	5.54		5.11
20160114	沈阳		5.40	5.75	
20160114	重庆	5.21	5.51	5.82	5.09
20160114	西安		5.47		5.05
20160114	青岛		5.54	5.94	4.99
20160114	浙江	5.14	5.54	5.90	5.13
20160114	成都	5.14	5.48	5.91	5.11
20160114	济南		5.54	5.94	4.99
20151202	北京	5.31	5.67	6.04	5.28
20151202	上海	5.26	5.64	6.00	5.23
20151202	天津	5.25	5.66	5.98	5.24
20151202	南京	5.30	5.66		5.22
20151202	沈阳		5.51	5.87	
20151202	重庆	5.32	5.62	5.94	5.20
20151202	西安		5.58		5.17
20151202	青岛		5.52	5.92	5.10
20151202	浙江	5.12	5.51	5.85	5.11
20151202	成都	5.24	5.59	6.03	5.23
20151202	济南		5.52	5.92	5.10
20151118	北京	5.42	5.79	6.16	5.41
20151118	上海	5.37	5.76	6.13	5.35
20151118	天津	5.36	5.78	6.10	5.36
20151118	南京	5.41	5.77	6.14	5.34
20151118	沈阳		5.63	6.00	5.16
20151118	重庆	5.42	5.74	6.06	5.32
20151118	西安		5.69		5.29
20151118	青岛		5.63	6.04	5.22
20151118	浙江	5.22	5.63	5.97	5.23
20151118	成都	5.35	5.71	6.15	5.34
20151118	济南		5.63	6.04	5.22
20151104	北京	5.48	5.86	6.24	5.47
20151104	上海	5.43	5.82	6.20	5.42
20151104	天津	5.42	5.85	6.18	5.43
20151104	南京	5.47	5.84	6.21	5.41
20151104	沈阳		5.69	6.07	5.23
20151104	重庆	5.49	5.80	6.13	5.39
20151104	西安		5.76	5.84	5.36
20151104	青岛		5.70		5.40
20151104	浙江	5.29	5.70	6.04	5.29
20151104	成都		5.77	6.22	5.41
20151104	济南		5.70	6.12	5.29
20151021	北京	5.58	5.96	6.34	5.58
20151021	上海	5.53	5.92	6.30	5.53
20151021	天津	5.51	5.95	6.28	5.54
20151021	南京	5.57	5.94	6.32	5.52
20151021	沈阳	6.24	5.79	6.18	5.33
20151021	重庆	5.58	5.90	6.24	5.49
20151021	西安		5.86	5.94	5.46
20151021	青岛	5.39	5.80	5.97	
20151021	浙江	5.38	5.79	6.15	5.40
20151021	成都		5.87	6.33	5.52
20151021	济南	5.39	5.80	6.22	5.40
20150917	北京		5.92	6.30	5.54
20150917	上海	5.49	5.88	6.26	5.49
20150917	天津	5.48	5.91	6.24	5.50
20150917	南京	5.53	5.90	6.27	5.48
20150917	沈阳		5.75	6.14	
20150917	重庆				
20150917	西安		5.82		5.42
20150917	青岛		5.80	6.22	5.40
20150917	浙江	5.34	5.76	6.10	5.36
20150917	成都		5.83	6.29	5.48
20150917	济南				
20150902	北京		5.85	6.22	5.47
20150902	上海	5.42	5.81	6.19	5.40
20150902	天津	5.41	5.83	6.16	5.42
20150902	南京		5.65	6.20	5.40
20150902	沈阳		5.68	6.06	5.21
20150902	重庆		5.79	6.12	5.38
20150902	西安		5.75		5.34
20150902	青岛				
20150902	浙江		5.68	6.03	5.28
20150902	成都	5.40	5.76	6.21	5.40
20150902	济南		5.69	6.10	5.28
20150819	北京		5.95	6.33	5.57
20150819	上海		5.91	6.29	5.51
20150819	天津	5.50	5.93	6.27	5.52
20150819	南京		5.93	6.30	
20150819	沈阳		5.73	6.13	5.30
20150819	重庆	5.57	5.89	6.23	5.48
20150819	西安		5.85		5.44
20150819	青岛		5.79	6.21	5.06
20150819	浙江	5.37	5.78	6.14	5.38
20150819	成都		5.86	6.31	5.50
20150819	济南		5.79	6.21	5.37
20150805	北京		6.11	6.51	5.74
20150805	上海	5.67	6.08	6.47	5.68
20150805	天津	5.66	6.10	6.45	5.70
20150805	南京	5.71	6.09	6.48	5.68
20150805	沈阳		5.95	6.34	5.49
20150805	重庆		6.06	6.40	5.65
20150805	西安		6.01		5.62
20150805	青岛		5.96	6.39	5.24
20150805	浙江	5.52	5.95	6.31	5.56
20150805	成都		6.03	6.49	5.68
20150805	济南		5.96	6.39	5.56
20150722	北京		6.29	6.70	5.93
20150722	上海	5.84	6.26	6.66	5.87
20150722	天津	5.82	6.28	6.63	5.89
20150722	南京	5.88	6.27	6.67	5.86
20150722	沈阳		6.14	6.54	5.67
20150722	重庆		6.23	6.59	5.84
20150722	西安		6.19		5.80
20150722	青岛		6.14		5.43
20150722	浙江	5.69	6.13	6.50	5.74
20150722	成都		6.20	6.68	5.86
20150722	济南		6.14	6.58	5.43
20150708	北京		6.50	6.92	6.16
20150708	上海	6.04	6.47	6.88	6.10
20150708	天津	6.02	6.49	6.86	6.12
20150708	南京	6.07	6.48	6.89	6.09
20150708	沈阳		6.34	6.76	5.90
20150708	重庆		6.44	6.81	6.06
20150708	西安		6.40		6.03
20150708	青岛		6.35	6.81	5.66
20150708	浙江	5.88	6.34	6.72	5.97
20150708	成都		6.41	6.91	6.08
20150708	济南				
20150609	北京	6.16	6.58	7.00	6.24
20150609	上海	6.11	6.55	6.96	6.17
20150609	天津	6.09	6.57	6.94	6.19
20150609	南京	6.14	6.56	6.97	6.16
20150609	沈阳		6.42		5.98
20150609	重庆	6.16	6.52	6.89	6.14
20150609	西安	6.11	6.48	6.84	6.10
20150609	青岛		6.42	6.89	5.93
20150609	浙江	5.95	6.56	6.96	6.05
20150609	成都		6.48	6.99	6.16
20150609	济南		6.42	6.89	6.05
20150512	北京		6.67	7.10	6.33
20150512	上海		6.63	7.06	6.27
20150512	天津	6.17	6.66	7.03	6.28
20150512	南京	6.23	6.64	7.07	6.25
20150512	沈阳		6.50	6.94	6.07
20150512	重庆	6.25	6.61	6.98	6.23
20150512	西安		6.56		6.19
20150512	青岛	6.05	6.51	6.99	6.14
20150512	浙江	6.03	6.65	7.05	6.14
20150512	成都		6.57	7.08	
20150512	济南		6.51	6.99	6.14
20150425	北京		6.46	6.88	6.11
20150425	上海		6.43	6.84	6.05
20150425	天津	5.98	6.45	6.82	6.07
20150425	南京				
20150425	沈阳				
20150425	重庆		6.40	6.77	
20150425	西安		6.36	6.72	5.98
20150425	青岛		6.31	6.77	5.81
20150425	浙江	5.85	6.44	6.83	5.93
20150425	成都	5.97	6.37	6.86	6.04
20150425	济南		6.31	6.77	5.93
20150411	北京		6.22	6.62	5.87
20150411	上海		6.19	6.59	5.81
20150411	天津	5.76	6.21	6.56	5.83
20150411	南京				
20150411	沈阳				
20150411	重庆		6.17	6.52	5.78
20150411	西安		6.12		5.74
20150411	青岛		6.07	6.51	5.69
20150411	浙江	5.62	6.20	6.58	5.68
20150411	成都		6.13	6.61	5.80
20150411	济南				
20150327	北京		6.13	6.52	5.77
20150327	上海	5.68	6.09	6.48	5.71
20150327	天津	5.67	6.11	6.46	5.73
20150327	南京		6.11	6.49	5.25
20150327	沈阳		5.96	6.36	5.52
20150327	重庆		6.07	6.41	5.68
20150327	西安		6.03	6.37	5.64
20150327	青岛		5.97	6.41	5.27
20150327	浙江	5.54	5.96	6.48	5.59
20150327	成都		6.04	6.51	
20150327	济南				
20150228	北京		6.32	6.73	5.97
20150228	上海	5.86	6.28	6.69	5.91
20150228	天津	5.85	6.31	6.66	5.93
20150228	南京	5.77	6.12	6.47	5.90
20150228	沈阳		6.16	6.56	
20150228	重庆	5.92	6.26	6.62	5.88
20150228	西安	5.87	6.22	6.57	5.84
20150228	青岛		6.16	6.61	5.47
20150228	浙江	5.84	6.30	6.68	5.78
20150228	成都	5.84	6.23	6.71	5.58
20150228	济南		6.16	6.61	5.47
20150210	北京		6.01	6.39	5.64
20150210	上海		5.97	6.36	5.59
20150210	天津				5.60
20150210	南京				
20150210	沈阳		5.84		5.39
20150210	重庆	5.63	5.95	6.29	5.56
20150210	西安				5.52
20150210	青岛		5.85	6.28	5.14
20150210	浙江	5.42	5.84	6.20	5.46
20150210	成都				
20150210	济南		5.85	6.28	
20150127	北京		5.77	6.15	5.40
20150127	上海		5.74		5.34
20150127	天津				5.36
20150127	南京				
20150127	沈阳		5.61	5.98	
20150127	重庆		5.72	6.04	5.32
20150127	西安				5.28
20150127	青岛		5.62	6.03	4.90
20150127	浙江	5.21	5.61	5.95	
20150127	成都		5.69	6.13	5.34
20150127	济南		5.62	6.03	5.22
20150113	北京		6.07	6.46	5.70
20150113	上海	5.63	6.03	6.42	5.65
20150113	天津				
20150113	南京	5.54	5.87	6.20	5.19
20150113	沈阳		5.90	6.29	5.18
20150113	重庆	5.68	6.01	6.35	5.62
20150113	西安				5.58
20150113	青岛		5.91	6.34	5.20
20150113	浙江	5.48		6.26	
20150113	成都		5.98	6.44	5.64
20150113	济南		5.91	6.34	
20141227	北京		6.21	6.61	5.90
20141227	上海		6.18	6.57	5.84
20141227	天津	5.62	6.06	6.41	5.40
20141227	南京	5.67	6.01	6.35	5.38
20141227	沈阳	6.80	6.05	6.45	5.33
20141227	重庆	5.82	6.15	6.50	5.81
20141227	西安				5.78
20141227	青岛	6.81	6.05	6.50	5.40
20141227	浙江	5.61	6.05	6.41	5.40
20141227	成都	5.74	6.12	6.60	
20141227	济南	6.81	6.05	6.50	5.40
20141213	北京		6.63	7.06	6.34
20141213	上海		6.59	7.02	6.27
20141213	天津	6.01	6.48	6.85	5.83
20141213	南京				5.81
20141213	沈阳		6.46	6.89	
20141213	重庆		6.57	6.94	6.24
20141213	西安		6.39	6.75	5.75
20141213	青岛		6.47		5.83
20141213	浙江	6.00	6.46	6.86	5.83
20141213	成都	6.13	6.53	7.04	
20141213	济南		6.47	6.94	5.83
20141115	北京		6.76	7.20	6.68
20141115	上海		6.73	7.16	6.62
20141115	天津	6.14	6.62	6.99	6.18
20141115	南京		6.56	6.93	6.15
20141115	沈阳		6.60	7.04	6.10
20141115	重庆		6.70	7.08	
20141115	西安		6.52	6.89	6.09
20141115	青岛		6.61	7.09	6.18
20141115	浙江	6.12	6.60	7.00	6.17
20141115	成都	6.25	6.67	7.18	6.60
20141115	济南		6.61	7.09	6.18
20141101	北京		6.92	7.36	6.84
20141101	上海	6.42	6.88	7.32	6.77
20141101	天津	6.28	6.77	7.15	6.34
20141101	南京	6.33	6.71	7.09	6.31
20141101	沈阳	6.80	6.75	7.20	6.25
20141101	重庆		6.85	7.24	
20141101	西安		6.67	7.05	6.24
20141101	青岛		6.76	7.25	6.33
20141101	浙江	6.26	6.75	7.16	6.33
20141101	成都	6.39	6.82	7.34	6.79
20141101	济南		6.76	7.25	6.33
20141018	北京	7.31	7.11	7.57	7.04
20141018	上海	6.60	7.08	7.53	6.98
20141018	天津	6.46	6.97	7.36	6.54
20141018	南京	6.51	6.91	7.30	6.50
20141018	沈阳	6.80	6.95	7.41	6.45
20141018	重庆	7.29			6.62
20141018	西安	6.91	6.87	7.34	6.44
20141018	青岛	6.81	6.96	7.47	6.53
20141018	浙江	6.41	6.94	7.37	6.53
20141018	成都	6.59	7.01	7.55	6.98
20141018	济南	6.81	6.96	7.47	6.53
20140930	北京		7.36	7.83	7.29
20140930	上海	6.83	7.32	7.79	7.22
20140930	天津	6.68	7.21	7.62	6.79
20140930	南京	6.74	7.14	7.55	6.75
20140930	沈阳		7.19	7.67	6.70
20140930	重庆		7.06	7.46	6.86
20140930	西安		7.11	7.51	6.69
20140930	青岛		7.20	7.72	6.78
20140930	浙江	6.67	7.18	7.62	6.78
20140930	成都	6.81	7.25	7.81	7.20
20140930	济南		7.20	7.72	6.78
20140917	北京		7.44	7.92	7.37
20140917	上海		7.40	7.87	7.31
20140917	天津	6.76	7.29	7.70	6.87
20140917	南京	6.81	7.22	7.63	6.84
20140917	沈阳		7.27	7.75	6.78
20140917	重庆	6.75	7.14	7.54	6.94
20140917	西安	6.78	7.19	7.59	6.77
20140917	青岛		7.28	7.81	6.87
20140917	浙江	6.74	7.26	7.70	6.86
20140917	成都	6.87	7.33	7.89	7.28
20140917	济南				
20140902	北京		7.55	8.03	7.49
20140902	上海	7.01	7.51	7.99	7.42
20140902	天津	6.86	7.40	7.82	6.99
20140902	南京	6.92	7.33	7.75	6.95
20140902	沈阳		7.38	7.87	6.90
20140902	重庆		7.25		7.06
20140902	西安		7.30	7.71	6.89
20140902	青岛		7.39	7.93	6.98
20140902	浙江	6.85	7.37	7.82	6.97
20140902	成都	6.97	7.44	8.01	7.39
20140902	济南		7.39	7.93	6.98
20140819	北京		7.63	8.12	7.58
20140819	上海		7.59	8.08	7.51
20140819	天津	6.94	7.49	7.91	7.07
20140819	南京				
20140819	沈阳			7.96	6.98
20140819	重庆	7.29			7.14
20140819	西安		7.38	7.80	6.97
20140819	青岛	6.95	7.48	8.02	7.07
20140819	浙江	6.92		7.91	7.06
20140819	成都	7.05		8.10	7.48
20140819	济南	6.81	7.48	8.02	7.07
20140722	北京		7.78	8.29	7.74
20140722	上海	7.26	7.75	8.24	7.67
20140722	天津	7.08	7.64	8.07	7.23
20140722	南京	7.14	7.57	8.00	7.19
20140722	沈阳		7.62	8.13	7.14
20140722	重庆		7.48	7.90	
20140722	西安		7.53	7.96	7.13
20140722	青岛		7.63	8.18	7.23
20140722	浙江		7.61	8.07	7.22
20140722	成都	7.19	7.67	8.26	
20140722	济南				
20140624	北京		7.98	8.50	7.94
20140624	上海	7.41	7.94	8.45	7.87
20140624	天津	7.27	7.84	8.28	7.44
20140624	南京	7.32	7.76	8.20	7.40
20140624	沈阳		7.82	8.34	7.34
20140624	重庆	7.26	7.68	8.11	7.50
20140624	西安	7.29	7.73	8.16	7.33
20140624	青岛		7.83	8.40	7.43
20140624	浙江	7.24	7.80	8.28	7.42
20140624	成都	7.37	7.86	8.47	7.84
20140624	济南				
20140523	北京		7.85	8.36	7.80
20140523	上海		7.81	8.31	7.73
20140523	天津	7.14	7.70	8.14	7.30
20140523	南京	7.20	7.63	8.06	7.26
20140523	沈阳		7.68	8.19	7.20
20140523	重庆	7.13	7.54	7.97	7.36
20140523	西安	7.17	7.60	8.03	7.19
20140523	青岛				
20140523	浙江	7.12	7.67	8.14	7.28
20140523	成都	7.25	7.73	8.33	7.98
20140523	济南				
20140509	北京	7.29	7.79	8.30	7.74
20140509	上海	7.23	7.75	8.25	7.67
20140509	天津	7.09	7.65	8.08	7.24
20140509	南京	7.15	7.58	8.00	7.20
20140509	沈阳				
20140509	重庆	7.08	7.49	7.91	7.30
20140509	西安	7.11	7.54	7.97	7.13
20140509	青岛		7.64	8.19	7.23
20140509	浙江	7.07	7.62	8.08	7.22
20140509	成都	7.19	7.68	8.27	7.91
20140509	济南				
20140425	北京	7.33	7.83	8.34	7.79
20140425	上海	7.27	7.79	8.29	7.72
20140425	天津	7.13	7.69	8.12	7.28
20140425	南京				
20140425	沈阳				
20140425	重庆	7.12	7.53	7.96	7.35
20140425	西安		7.58	8.01	7.17
20140425	青岛		7.68	8.24	7.28
20140425	浙江	7.11	7.66	8.12	7.26
20140425	成都	7.23	7.72	8.31	7.96
20140425	济南				
20140327	北京	7.22	7.71	8.21	7.66
20140327	上海	7.16	7.67	8.16	7.59
20140327	天津	7.01	7.56	7.99	7.16
20140327	南京	7.07	7.49	7.92	7.12
20140327	沈阳		7.54	8.04	7.06
20140327	重庆	7.00	7.41	7.82	7.22
20140327	西安		7.46	7.88	7.05
20140327	青岛		7.55	8.10	
20140327	浙江	6.99	7.53	7.99	7.14
20140327	成都	7.12	7.59	8.18	7.82
20140327	济南		7.56		
20140227	北京	7.32	7.82	8.32	7.76
20140227	上海	7.26	7.78	8.28	7.70
20140227	天津	7.11	7.66	8.10	7.26
20140227	南京	7.17	7.60	8.03	7.23
20140227	沈阳		7.65	8.16	7.17
20140227	重庆	7.10	7.51	7.94	7.33
20140227	西安		7.56	7.99	7.16
20140227	青岛		7.66	8.22	7.26
20140227	浙江	7.09	7.64	8.10	7.25
20140227	成都	7.22	7.70	8.30	
20140227	济南		7.66	8.22	7.26
20140125	北京		7.65	8.15	7.60
20140125	上海	7.10	7.61	8.10	7.53
20140125	天津	6.96	7.51	7.93	7.10
20140125	南京	7.02	7.44	7.86	7.06
20140125	沈阳		7.49	7.98	
20140125	重庆	6.95	7.35	7.77	7.16
20140125	西安		7.40	7.82	6.99
20140125	青岛		7.50	8.04	7.09
20140125	浙江	6.94	7.48	7.93	7.08
20140125	成都		7.54		7.19
20140125	济南		7.50	8.04	7.09
20140111	北京		7.76	8.26	7.71
20140111	上海	7.20	7.72	8.21	7.63
20140111	天津	7.06	7.61	8.04	7.20
20140111	南京	7.11	7.54	7.97	7.16
20140111	沈阳		7.59	8.10	
20140111	重庆	7.05	7.45	7.88	7.27
20140111	西安	7.08	7.50	7.93	7.10
20140111	青岛		7.60	8.15	7.20
20140111	浙江	7.04	7.58	8.04	7.19
20140111	成都	7.16	7.64	8.23	7.29
20140111	济南		7.60	8.15	7.20
20131213	北京	7.35	7.86	8.36	7.81
20131213	上海	7.29	7.82	8.32	7.72
20131213	天津	7.15	7.71	8.15	7.31
20131213	南京	6.99	7.41	7.83	7.27
20131213	沈阳		7.46	7.95	
20131213	重庆	7.14	7.55	7.98	7.37
20131213	西安		7.37		7.20
20131213	青岛		7.47	8.01	7.30
20131213	浙江	6.92	7.45	7.90	7.29
20131213	成都				
20131213	济南				7.30
20131129	北京	7.31	7.81	8.31	7.76
20131129	上海	7.25	7.77	8.26	7.66
20131129	天津	7.11	7.66	8.10	7.26
20131129	南京	6.95	7.36	7.78	7.22
20131129	沈阳		7.41	7.90	7.16
20131129	重庆		7.51	7.93	7.32
20131129	西安	6.91	7.33	7.74	7.15
20131129	青岛		7.42	7.96	7.25
20131129	浙江	6.87	7.40	7.85	7.24
20131129	成都	6.99	7.46	8.04	7.34
20131129	济南		7.42	7.96	7.25
20131115	北京	7.19	7.68	8.18	7.63
20131115	上海	7.13	7.63	8.11	7.52
20131115	天津	6.99	7.54	7.96	7.12
20131115	南京	6.83	7.24	7.64	7.08
20131115	沈阳	6.80	7.28	7.77	7.03
20131115	重庆	6.91	7.38	7.80	7.19
20131115	西安	6.79	7.20	7.61	7.02
20131115	青岛	6.81	7.29	7.82	7.12
20131115	浙江	6.75	7.27	7.72	7.10
20131115	成都	6.88	7.34	7.91	7.21
20131115	济南	6.81	7.29	7.82	7.12
20131101	北京	7.31	7.81	8.31	7.76
20131101	上海	7.26	7.75	8.24	7.64
20131101	天津	7.11	7.66	8.10	7.26
20131101	南京	6.95	7.36	7.78	7.22
20131101	沈阳		7.41	7.90	7.16
20131101	重庆	7.10	7.51	7.93	7.32
20131101	西安	6.91	7.33	7.74	7.15
20131101	青岛		7.42	7.96	7.25
20131101	浙江	6.87	7.40	7.85	7.24
20131101	成都	6.99	7.46	8.04	7.34
20131101	济南				
20130930	北京	7.33	7.83	8.33	7.78
20130930	上海	7.27	7.77	8.26	7.66
20130930	天津	6.95	7.49	7.92	7.32
20130930	南京	7.00	7.42	7.84	7.28
20130930	沈阳		7.47	7.97	7.23
20130930	重庆	7.15	7.56	7.99	7.39
20130930	西安	6.97	7.39	7.80	7.21
20130930	青岛				
20130930	浙江	6.93	7.46	7.91	7.30
20130930	成都	7.05	7.52	8.11	7.41
20130930	济南				
20130914	北京		8.03	8.54	7.98
20130914	上海	7.46	7.96	8.47	7.86
20130914	天津	7.13	7.69	8.12	7.52
20130914	南京	7.18	7.62	8.05	7.48
20130914	沈阳		7.67	8.18	7.43
20130914	重庆	7.34	7.76	8.20	7.59
20130914	西安	7.15	7.58	8.01	7.41
20130914	青岛		7.68	8.24	7.52
20130914	浙江	7.11	7.66	8.12	7.50
20130914	成都	7.23	7.72	8.31	7.61
20130914	济南		7.68	8.24	7.52
20130831	北京		7.95	8.47	
20130831	上海		7.89	8.39	7.79
20130831	天津	7.06	7.62	8.05	7.45
20130831	南京	7.12	7.54	7.97	7.41
20130831	沈阳				7.33
20130831	重庆	7.27	7.69	8.12	7.51
20130831	西安	7.08	7.51	7.93	7.34
20130831	青岛		7.60	8.16	7.44
20130831	浙江	7.04	7.58	8.05	7.43
20130831	成都	7.17	7.65	8.24	7.53
20130831	济南		7.60	8.16	7.44
20130720	北京		7.75	8.05	7.72
20130720	上海	7.21	7.70	8.19	7.60
20130720	天津	6.89	7.43	7.85	7.26
20130720	南京	6.94	7.36	7.77	7.22
20130720	沈阳		7.41	7.90	7.16
20130720	重庆	6.91	7.50	7.93	7.32
20130720	西安	6.91	7.32	7.74	7.15
20130720	青岛		7.42	7.96	7.25
20130720	浙江	6.87	7.40	7.85	7.24
20130720	成都	6.99	7.46	8.04	7.34
20130720	济南		7.42	7.96	7.25
20130706	北京	7.02	7.50	7.99	7.45
20130706	上海	6.97	7.44	7.92	7.33
20130706	天津	6.64	7.17	7.57	6.99
20130706	南京	6.70	7.10		6.95
20130706	沈阳		7.15	7.62	6.90
20130706	重庆	6.85	7.24	7.65	7.06
20130706	西安	6.66	7.06	7.46	6.89
20130706	青岛		7.16	7.68	6.98
20130706	浙江	6.63	7.14	7.57	6.97
20130706	成都	6.75	7.20	7.76	7.08
20130706	济南		7.16	7.68	6.98
20130621	北京	7.08	7.57	8.06	7.51
20130621	上海	7.03	7.51	7.99	7.40
20130621	天津	6.70	7.22	7.63	7.05
20130621	南京	6.75	7.16	7.56	7.01
20130621	沈阳	6.71	7.21	7.69	6.96
20130621	重庆	6.91	7.31	7.72	7.12
20130621	西安	6.71	7.13	7.53	6.95
20130621	青岛	6.70	7.22	7.74	7.04
20130621	浙江	6.68	7.19	7.64	7.03
20130621	成都		7.26	7.83	7.14
20130621	济南	6.70	7.22	7.74	7.04
20130607	北京	7.01	7.49	7.97	7.43
20130607	上海	6.96	7.43	7.90	7.32
20130607	天津	6.63	7.15	7.55	6.97
20130607	南京	6.68	7.08	7.49	6.93
20130607	沈阳	6.64	7.13	7.60	6.88
20130607	重庆	6.84	7.23	7.64	7.04
20130607	西安	6.65	7.05	7.45	6.87
20130607	青岛	6.63	7.14	7.66	6.97
20130607	浙江	6.61	7.12	7.56	6.96
20130607	成都	6.74	7.19	7.74	7.06
20130607	济南	6.63	7.14	7.66	6.96
20130510	北京	7.08	7.56	8.05	7.51
20130510	上海	7.03	7.50	7.98	7.39
20130510	天津	6.70	7.23	7.63	7.05
20130510	南京	6.75	7.16	7.56	7.01
20130510	沈阳		7.21	7.69	6.96
20130510	重庆	6.91	7.30	7.72	7.11
20130510	西安	6.72	7.12	7.53	6.94
20130510	青岛		7.22	7.74	7.04
20130510	浙江	6.68	7.20	7.64	7.03
20130510	成都		7.26	7.83	7.14
20130510	济南		7.22	7.74	7.04
20130425	北京	7.01	7.49	7.97	7.43
20130425	上海	6.96	7.43	7.90	7.31
20130425	天津	6.63	7.15	7.55	6.97
20130425	南京	6.68	7.08	7.49	6.93
20130425	沈阳	6.64	7.13	7.60	6.88
20130425	重庆	6.84	7.23	7.64	7.03
20130425	西安	6.65	7.05	7.45	6.86
20130425	青岛	6.63	7.14	7.66	6.96
20130425	浙江	6.61	7.12	7.56	6.95
20130425	成都	6.74	7.19	7.63	7.06
20130425	济南	6.63	7.14	7.66	6.96
20130327	北京	7.31	7.80	8.31	7.77
20130327	上海	7.25	7.74	8.24	7.65
20130327	天津	6.92	7.47	7.89	7.31
20130327	南京	6.98	7.40	7.82	7.27
20130327	沈阳	6.93	7.45	7.94	7.22
20130327	重庆	7.13	7.54	7.97	7.38
20130327	西安	6.95	7.36	7.78	7.21
20130327	青岛	6.92	7.46	8.00	7.31
20130327	浙江	6.90	7.43	7.89	7.29
20130327	成都	7.03	7.50	7.97	7.40
20130327	济南	6.92	7.46	8.00	7.31
20130225	北京	7.54	8.05	8.57	8.03
20130225	上海	7.48	7.99	8.50	7.91
20130225	天津	7.16	7.72	8.15	7.57
20130225	南京	7.52	7.97	8.42	7.53
20130225	沈阳	7.16	7.70	8.21	7.60
20130225	重庆	7.36	7.79	8.23	7.63
20130225	西安	7.18	7.61	8.04	7.46
20130225	青岛	7.15	7.71	8.27	7.56
20130225	浙江	7.13	7.68	8.15	7.55
20130225	成都	7.26	7.74	8.24	7.65
20130225	济南	7.15	7.71	8.27	7.56
20121116	北京	7.31	7.81	8.32	7.78
20121116	上海	7.26	7.75	8.24	7.66
20121116	天津	6.93	7.47	7.90	7.32
20121116	南京	7.29	7.73	8.17	7.28
20121116	沈阳		7.46	7.95	7.23
20121116	重庆	7.14	7.55	7.98	7.39
20121116	西安	6.95	7.37	7.79	7.21
20121116	青岛		7.46	8.01	7.31
20121116	浙江	6.91	7.43	7.90	7.29
20121116	成都	7.04	7.51	7.99	7.41
20121116	济南	6.94	7.46	8.01	7.31
20120911	北京	7.55	8.06	8.58	8.04
20120911	上海	7.49	8.00	8.51	7.92
20120911	天津	7.16	7.72	8.14	7.58
20120911	南京	7.52	7.98	8.43	7.54
20120911	沈阳		7.69	8.20	7.47
20120911	重庆	7.37	7.80	8.16	7.65
20120911	西安	7.19	7.62	8.05	7.47
20120911	青岛		7.71	8.28	7.57
20120911	浙江	7.14	7.68	8.15	7.55
20120911	成都	7.26	7.75	8.25	7.66
20120911	济南	7.16	7.62	8.11	7.59
20120810	北京	7.13	7.62	8.11	7.57
20120810	上海	7.08	7.56	8.04	7.46
20120810	天津	6.75	7.28	7.69	7.11
20120810	南京	7.11	7.54	7.97	7.08
20120810	沈阳	6.76	7.25	7.73	7.01
20120810	重庆	6.96	7.36	7.70	7.19
20120810	西安	6.77	7.18	7.59	7.01
20120810	青岛	6.75	7.27	7.80	7.11
20120810	浙江	6.73	7.24	7.69	7.09
20120810	成都	6.86	7.32	7.78	7.20
20120810	济南	6.75	7.27	7.80	7.11
20120711	北京	6.84	7.31	7.78	7.25
20120711	上海	6.79	7.25	7.71	7.14
20120711	天津	6.46	6.98	7.36	6.80
20120711	南京	6.82	7.23	7.64	6.76
20120711	沈阳	6.47	6.93	7.39	6.69
20120711	重庆	6.66	7.05	7.38	6.87
20120711	西安	6.48	6.87	7.26	6.69
20120711	青岛	6.46	6.96	7.47	6.79
20120711	浙江	6.45	6.93	7.37	6.77
20120711	成都	6.57	7.01	7.46	6.89
20120711	济南	6.46	6.96	7.47	6.79
20120609	北京	7.16	7.64	8.14	7.60
20120609	上海	7.10	7.58	8.07	7.48
20120609	天津	6.77	7.31	7.72	7.14
20120609	南京	6.83	7.24	7.65	7.10
20120609	沈阳	6.78	7.19	7.66	7.18
20120609	重庆	6.98	7.38	7.80	7.21
20120609	西安	6.78	7.20	7.61	7.05
20120609	青岛	6.77	7.20	7.69	7.15
20120609	浙江	6.76	7.27	7.72	7.11
20120609	成都	6.88	7.34	7.81	7.23
20120609	济南	6.77	7.20	7.69	7.15
20120510	北京	7.55	8.07	8.59	8.04
20120510	上海	7.50	8.01	8.52	7.92
20120510	天津	7.17	7.73	8.17	7.58
20120510	南京	7.23	7.66	8.09	7.54
20120510	沈阳		7.70	8.21	7.47
20120510	重庆	7.38	7.80	8.24	7.64
20120510	西安	7.19	7.62	8.06	7.47
20120510	青岛	7.17	7.62	8.14	7.58
20120510	浙江	7.15	7.68	8.16	7.55
20120510	成都	7.27	7.76	8.26	7.66
20120510	济南		7.72	8.28	7.57
20120320	北京		8.33	8.87	8.31
20120320	上海		8.27	8.80	8.19
20120320	天津	7.42	8.00	8.45	7.85
20120320	南京	7.46	7.89	8.32	7.81
20120320	沈阳	7.42	7.96	8.49	7.73
20120320	重庆	7.63	8.07	8.52	7.92
20120320	西安	7.44	7.89	8.33	7.73
20120320	青岛	7.41	7.88	8.42	7.84
20120320	浙江	7.39	7.94	8.44	7.81
20120320	成都	7.52	8.02	8.53	7.93
20120320	济南		7.99	8.57	7.84
20120208	北京		7.85	8.36	7.79
20120208	上海		7.79	8.30	7.67
20120208	天津	6.96	7.47	7.88	7.32
20120208	南京	7.02	7.45	7.88	7.29
20120208	沈阳	6.98	7.43	7.95	7.35
20120208	重庆	7.17	7.59	8.03	7.40
20120208	西安	6.98	7.41	7.84	7.22
20120208	青岛		7.50	8.05	7.32
20120208	浙江	6.95	7.44	7.93	7.30
20120208	成都	7.07	7.55	8.03	7.41
20120208	济南		7.50	8.05	
20111009	北京	7.13	7.63	8.10	7.53
20111009	上海		7.55	8.03	7.42
20111009	天津	6.74	7.23	7.62	7.06
20111009	南京	6.80	7.21	7.62	7.03
20111009	沈阳	6.76	7.19	7.66	6.94
20111009	重庆	6.95	7.35	7.77	7.14
20111009	西安	6.76	7.17	7.58	6.96
20111009	青岛	6.75	7.20	7.72	7.06
20111009	浙江	6.73	7.20	7.67	7.04
20111009	成都	6.86	7.31	7.64	7.16
20111009	济南	6.75	7.26	7.79	7.06
20110407	北京		7.85	8.36	7.79
20110407	上海		7.79	8.29	7.67
20110407	天津	6.97	7.52	7.94	7.33
20110407	南京	7.02	7.45	7.88	7.29
20110407	沈阳	6.98	7.43	7.92	7.20
20110407	重庆	7.18	7.59	8.02	7.39
20110407	西安	6.98	7.41	7.84	7.22
20110407	青岛	6.97	7.50	8.05	7.32
20110407	浙江	6.95	7.44	7.93	7.30
20110407	成都	7.07	7.55	8.03	7.41
20110407	济南	6.97	7.44	7.98	7.32
20110220	北京		7.45	7.93	7.44
20110220	上海		7.39	7.87	7.33
20110220	天津	6.59	7.11	7.45	6.98
20110220	南京	6.65	7.05	7.45	6.95
20110220	沈阳	6.61	7.08	7.49	6.86
20110220	重庆	6.80	7.19	7.60	7.06
20110220	西安	6.61	7.01	7.41	6.88
20110220	青岛		7.10		
20110220	浙江	6.58	7.04	7.50	6.96
20110220	成都	6.71	7.15	7.47	7.08
20110220	济南		7.10		
20101222	北京		7.17	7.63	7.14
20101222	上海		7.11	7.57	7.03
20101222	天津	6.33	6.83	7.22	6.68
20101222	南京				
20101222	沈阳		6.80	7.25	
20101222	重庆	6.54	6.91	7.30	6.76
20101222	西安	6.35	6.73	7.11	6.58
20101222	青岛				
20101222	浙江	6.32	6.78	7.20	6.66
20101222	成都		6.88		
20101222	济南	6.34	6.82	7.32	
20101026	北京		6.92	7.37	6.88
20101026	上海		6.87	7.30	6.77
20101026	天津	6.10	6.56	6.92	6.42
20101026	南京				
20101026	沈阳	6.12	6.32		
20101026	重庆	6.30	6.67	7.04	6.50
20101026	西安	6.12	6.49	6.85	
20101026	青岛				
20101026	浙江	6.09	6.51	6.90	6.40
20101026	成都	6.21	6.63	7.05	6.52
20101026	济南				
20100601	北京		6.74	7.17	6.69
20100601	上海		6.68	7.11	6.59
20100601	天津				
20100601	南京				
20100601	沈阳	5.95	6.18	6.77	5.99
20100601	重庆	6.13	6.48	6.85	6.31
20100601	西安	5.94	6.30	6.67	
20100601	青岛				
20100601	浙江	5.92	6.35	6.75	6.22
20100601	成都	6.04	6.45	6.86	6.34
20100601	济南				
20100414	北京		6.92	7.37	6.88
20100414	上海		6.87	7.30	6.77
20100414	天津	6.10	6.58	6.95	6.42
20100414	南京	6.16	6.53	6.89	6.39
20100414	沈阳	6.12	6.52	6.94	6.30
20100414	重庆	6.30	6.67	7.04	6.50
20100414	西安	6.12	6.49	6.85	6.33
20100414	青岛	6.11	6.57	7.05	6.42
20100414	浙江		6.53		6.40
20100414	成都		6.63		6.52
20100414	济南	6.11	6.57	7.05	6.42
20091110	北京		6.66	7.09	6.60
20091110	上海		6.61	7.03	6.50
20091110	天津	5.86	6.32	6.68	6.15
20091110	南京	5.92	6.27	6.63	6.12
20091110	沈阳	5.82	6.21	6.67	6.03
20091110	重庆	6.06	6.41	6.78	6.23
20091110	西安	5.88	6.23	6.59	6.06
20091110	青岛	5.87	6.32	6.78	5.80
20091110	浙江	5.85	6.27	6.66	6.13
20091110	成都	5.98	6.38	6.78	6.25
20091110	济南	5.87	6.32	6.78	5.80
20090930	北京	6.28	6.68	7.23	6.19
20090930	上海	5.43	5.90	6.27	5.64
20090930	天津	5.51	5.94	6.27	5.73
20090930	南京	5.56	5.89	6.22	5.71
20090930	沈阳	5.46	5.83	6.26	5.62
20090930	重庆	5.69	6.02	6.36	5.81
20090930	西安	5.52	5.85	6.18	5.65
20090930	青岛	5.41	5.83	6.26	5.63
20090930	浙江	5.50	5.89	6.26	5.72
20090930	成都				
20090930	济南				
20090902	北京		6.43	6.85	6.35
20090902	上海	5.57	6.05	6.44	5.80
20090902	天津				
20090902	南京		6.04		
20090902	沈阳				
20090902	重庆	5.84	6.17	6.52	5.97
20090902	西安		6.00		
20090902	青岛				
20090902	浙江	5.64	6.04	6.42	5.88
20090902	成都		6.15		
20090902	济南				
20090729	北京		6.19	6.59	6.09
20090729	上海	5.35	5.81	6.18	5.54
20090729	天津	5.42	5.85		5.64
20090729	南京				
20090729	沈阳				
20090729	重庆	5.61	5.94	6.27	5.72
20090729	西安		5.76		5.55
20090729	青岛	5.43	5.84		
20090729	浙江	5.42	5.80	6.16	5.63
20090729	成都				
20090729	济南				
20090630	北京		6.37	6.78	6.28
20090630	上海	5.51	5.99		5.73
20090630	天津				
20090630	南京	5.64	5.98	6.32	5.80
20090630	沈阳				
20090630	重庆		6.11	6.46	
20090630	西安		5.94	6.27	5.74
20090630	青岛	5.59	6.02	6.46	5.82
20090630	浙江	5.58	5.98	6.35	5.81
20090630	成都	5.70	6.09	6.47	5.94
20090630	济南				
20090601	北京	5.51	5.89	6.27	5.76
20090601	上海	5.07	5.51	5.86	5.22
20090601	天津	5.14	5.54		5.31
20090601	南京	5.16	5.47	5.39	5.26
20090601	沈阳				
20090601	重庆		5.63	5.95	
20090601	西安				
20090601	青岛				
20090601	浙江	5.11	5.49	5.82	5.30
20090601	成都	5.26	5.61	5.97	5.43
20090601	济南	5.15	5.54	5.94	5.31
20090325	北京	5.21	5.56	5.92	5.42
20090325	上海	4.78	5.19	5.52	4.88
20090325	天津	4.84	5.22		4.96
20090325	南京	4.81	5.10	5.39	4.92
20090325	沈阳	4.80	5.13	5.50	4.87
20090325	重庆				
20090325	西安				
20090325	青岛	4.85	5.22	5.60	
20090325	浙江	4.82	5.17	5.47	4.96
20090325	成都				
20090325	济南	4.85	5.22	5.60	4.40
20090115	北京	4.99	5.33	5.68	5.26
20090115	上海	4.55	4.95	5.26	4.71
20090115	天津	4.62	4.99		4.81
20090115	南京	4.60			4.76
20090115	沈阳	4.81			
20090115	重庆	4.81			4.90
20090115	西安				
20090115	青岛				
20090115	浙江				
20090115	成都				
20090115	济南	4.63	4.98	5.35	5.18
